190
464
222
540
837
682
336
219
162
761
287
208
223
624
340
388
241
654
107
209
613
774
103
224
873
622
602
344
427
337
182
510
441
667
192
628
175
113
64
480
3
574
372
750
449
760
355
308
8
280
393
825
196
25
677
532
932
339
221
496
397
801
376
940
59
505
374
385
440
873
820
264
541
5
751
873
273
553
725
375
290
896
883
278
189
689
742
699
901
217
390
656
106
408
958
940
176
44
158
642
14
566
665
481
993
892
288
374
648
342
323
187
48
11
563
794
174
372
443
425
759
506
911
850
770
386
418
476
701
455
982
170
59
379
396
970
790
521
4
258
786
258
511
678
584
148
835
513
498
128
680
910
43
296
321
603
659
284
384
28
580
147
402
649
70
788
736
221
491
222
824
32
581
430
564
772
482
900
203
801
178
724
320
50
609
742
364
94
398
748
56
767
116
937
846
215
500
14
561
264
371
667
479
616
302
5
955
921
382
175
511
519
295
921
947
420
429
563
871
971
549
41
883
230
844
33
542
192
318
275
93
985
7
290
398
988
291
261
341
193
22
822
548
800
423
837
760
854
697
258
415
494
490
938
274
638
706
625
818
747
781
38
335
160
200
649
812
861
379
507
632
292
664
515
845
666
686
472
667
809
621
76
755
388
62
901
884
867
796
34
386
609
747
242
427
461
797
789
900
94